(kicad_pcb (version 20171130) (host pcbnew 5.1.4-e60b266~84~ubuntu18.04.1)

  (general
    (thickness 1.6)
    (drawings 15)
    (tracks 225)
    (zones 0)
    (modules 26)
    (nets 43)
  )

  (page A4)
  (layers
    (0 F.Cu signal)
    (31 B.Cu signal)
    (33 F.Adhes user)
    (35 F.Paste user)
    (36 B.SilkS user)
    (37 F.SilkS user)
    (39 F.Mask user)
    (40 Dwgs.User user)
    (41 Cmts.User user)
    (42 Eco1.User user)
    (43 Eco2.User user)
    (44 Edge.Cuts user)
    (45 Margin user)
    (46 B.CrtYd user)
    (47 F.CrtYd user)
    (49 F.Fab user)
  )

  (setup
    (last_trace_width 0.25)
    (trace_clearance 0.1)
    (zone_clearance 0.508)
    (zone_45_only no)
    (trace_min 0.2)
    (via_size 0.8)
    (via_drill 0.4)
    (via_min_size 0.4)
    (via_min_drill 0.3)
    (uvia_size 0.3)
    (uvia_drill 0.1)
    (uvias_allowed no)
    (uvia_min_size 0.2)
    (uvia_min_drill 0.1)
    (edge_width 0.1)
    (segment_width 0.2)
    (pcb_text_width 0.3)
    (pcb_text_size 1.5 1.5)
    (mod_edge_width 0.15)
    (mod_text_size 1 1)
    (mod_text_width 0.15)
    (pad_size 1.524 1.524)
    (pad_drill 0.762)
    (pad_to_mask_clearance 0)
    (aux_axis_origin 0 0)
    (visible_elements FFFFFF7F)
    (pcbplotparams
      (layerselection 0x010fc_ffffffff)
      (usegerberextensions false)
      (usegerberattributes false)
      (usegerberadvancedattributes false)
      (creategerberjobfile false)
      (excludeedgelayer true)
      (linewidth 0.100000)
      (plotframeref false)
      (viasonmask false)
      (mode 1)
      (useauxorigin false)
      (hpglpennumber 1)
      (hpglpenspeed 20)
      (hpglpendiameter 15.000000)
      (psnegative false)
      (psa4output false)
      (plotreference true)
      (plotvalue true)
      (plotinvisibletext false)
      (padsonsilk false)
      (subtractmaskfromsilk false)
      (outputformat 1)
      (mirror false)
      (drillshape 1)
      (scaleselection 1)
      (outputdirectory ""))
  )

  (net 0 "")
  (net 1 -BATT)
  (net 2 "Net-(D1-Pad2)")
  (net 3 "Net-(J1-Pad2)")
  (net 4 "Net-(J1-Pad3)")
  (net 5 TX_FTDI)
  (net 6 RX_FTDI)
  (net 7 "Net-(J1-Pad6)")
  (net 8 +BATT)
  (net 9 +3V3)
  (net 10 io_12)
  (net 11 io_13)
  (net 12 io_14)
  (net 13 io_15)
  (net 14 io_32)
  (net 15 io_33)
  (net 16 io_34)
  (net 17 io_35)
  (net 18 EN)
  (net 19 io_0)
  (net 20 io_16)
  (net 21 "Net-(U1-Pad4)")
  (net 22 "Net-(U1-Pad5)")
  (net 23 "Net-(U1-Pad10)")
  (net 24 "Net-(U1-Pad11)")
  (net 25 "Net-(U1-Pad12)")
  (net 26 "Net-(U1-Pad17)")
  (net 27 "Net-(U1-Pad18)")
  (net 28 "Net-(U1-Pad19)")
  (net 29 "Net-(U1-Pad20)")
  (net 30 "Net-(U1-Pad21)")
  (net 31 "Net-(U1-Pad22)")
  (net 32 "Net-(U1-Pad24)")
  (net 33 "Net-(U1-Pad26)")
  (net 34 "Net-(U1-Pad28)")
  (net 35 "Net-(U1-Pad29)")
  (net 36 "Net-(U1-Pad30)")
  (net 37 "Net-(U1-Pad31)")
  (net 38 "Net-(U1-Pad32)")
  (net 39 "Net-(U1-Pad33)")
  (net 40 "Net-(U1-Pad36)")
  (net 41 "Net-(U1-Pad37)")
  (net 42 "Net-(U2-Pad4)")

  (net_class Default "This is the default net class."
    (clearance 0.1)
    (trace_width 0.25)
    (via_dia 0.8)
    (via_drill 0.4)
    (uvia_dia 0.3)
    (uvia_drill 0.1)
    (add_net +3V3)
    (add_net +BATT)
    (add_net -BATT)
    (add_net EN)
    (add_net "Net-(D1-Pad2)")
    (add_net "Net-(J1-Pad2)")
    (add_net "Net-(J1-Pad3)")
    (add_net "Net-(J1-Pad6)")
    (add_net "Net-(U1-Pad10)")
    (add_net "Net-(U1-Pad11)")
    (add_net "Net-(U1-Pad12)")
    (add_net "Net-(U1-Pad17)")
    (add_net "Net-(U1-Pad18)")
    (add_net "Net-(U1-Pad19)")
    (add_net "Net-(U1-Pad20)")
    (add_net "Net-(U1-Pad21)")
    (add_net "Net-(U1-Pad22)")
    (add_net "Net-(U1-Pad24)")
    (add_net "Net-(U1-Pad26)")
    (add_net "Net-(U1-Pad28)")
    (add_net "Net-(U1-Pad29)")
    (add_net "Net-(U1-Pad30)")
    (add_net "Net-(U1-Pad31)")
    (add_net "Net-(U1-Pad32)")
    (add_net "Net-(U1-Pad33)")
    (add_net "Net-(U1-Pad36)")
    (add_net "Net-(U1-Pad37)")
    (add_net "Net-(U1-Pad4)")
    (add_net "Net-(U1-Pad5)")
    (add_net "Net-(U2-Pad4)")
    (add_net RX_FTDI)
    (add_net TX_FTDI)
    (add_net io_0)
    (add_net io_12)
    (add_net io_13)
    (add_net io_14)
    (add_net io_15)
    (add_net io_16)
    (add_net io_32)
    (add_net io_33)
    (add_net io_34)
    (add_net io_35)
  )

  (module Connector_PinSocket_2.54mm:PinSocket_1x06_P2.54mm_Vertical (layer F.Cu) (tedit 5A19A430) (tstamp 5DB9997F)
    (at 40.64 66.04 90)
    (descr "Through hole straight socket strip, 1x06, 2.54mm pitch, single row (from Kicad 4.0.7), script generated")
    (tags "Through hole socket strip THT 1x06 2.54mm single row")
    (path /5DB2E25E)
    (fp_text reference J1 (at 0 -2.77 90) (layer F.SilkS)
      (effects (font (size 1 1) (thickness 0.15)))
    )
    (fp_text value Conn_01x06 (at 0 15.47 90) (layer F.Fab)
      (effects (font (size 1 1) (thickness 0.15)))
    )
    (fp_line (start -1.27 -1.27) (end 0.635 -1.27) (layer F.Fab) (width 0.1))
    (fp_line (start 0.635 -1.27) (end 1.27 -0.635) (layer F.Fab) (width 0.1))
    (fp_line (start 1.27 -0.635) (end 1.27 13.97) (layer F.Fab) (width 0.1))
    (fp_line (start 1.27 13.97) (end -1.27 13.97) (layer F.Fab) (width 0.1))
    (fp_line (start -1.27 13.97) (end -1.27 -1.27) (layer F.Fab) (width 0.1))
    (fp_line (start -1.33 1.27) (end 1.33 1.27) (layer F.SilkS) (width 0.12))
    (fp_line (start -1.33 1.27) (end -1.33 14.03) (layer F.SilkS) (width 0.12))
    (fp_line (start -1.33 14.03) (end 1.33 14.03) (layer F.SilkS) (width 0.12))
    (fp_line (start 1.33 1.27) (end 1.33 14.03) (layer F.SilkS) (width 0.12))
    (fp_line (start 1.33 -1.33) (end 1.33 0) (layer F.SilkS) (width 0.12))
    (fp_line (start 0 -1.33) (end 1.33 -1.33) (layer F.SilkS) (width 0.12))
    (fp_line (start -1.8 -1.8) (end 1.75 -1.8) (layer F.CrtYd) (width 0.05))
    (fp_line (start 1.75 -1.8) (end 1.75 14.45) (layer F.CrtYd) (width 0.05))
    (fp_line (start 1.75 14.45) (end -1.8 14.45) (layer F.CrtYd) (width 0.05))
    (fp_line (start -1.8 14.45) (end -1.8 -1.8) (layer F.CrtYd) (width 0.05))
    (fp_text user %R (at 0 6.35) (layer F.Fab)
      (effects (font (size 1 1) (thickness 0.15)))
    )
    (pad 1 thru_hole rect (at 0 0 90) (size 1.7 1.7) (drill 1) (layers *.Cu *.Mask)
      (net 1 -BATT))
    (pad 2 thru_hole oval (at 0 2.54 90) (size 1.7 1.7) (drill 1) (layers *.Cu *.Mask)
      (net 3 "Net-(J1-Pad2)"))
    (pad 3 thru_hole oval (at 0 5.08 90) (size 1.7 1.7) (drill 1) (layers *.Cu *.Mask)
      (net 4 "Net-(J1-Pad3)"))
    (pad 4 thru_hole oval (at 0 7.62 90) (size 1.7 1.7) (drill 1) (layers *.Cu *.Mask)
      (net 5 TX_FTDI))
    (pad 5 thru_hole oval (at 0 10.16 90) (size 1.7 1.7) (drill 1) (layers *.Cu *.Mask)
      (net 6 RX_FTDI))
    (pad 6 thru_hole oval (at 0 12.7 90) (size 1.7 1.7) (drill 1) (layers *.Cu *.Mask)
      (net 7 "Net-(J1-Pad6)"))
    (model ${KISYS3DMOD}/Connector_PinSocket_2.54mm.3dshapes/PinSocket_1x06_P2.54mm_Vertical.wrl
      (at (xyz 0 0 0))
      (scale (xyz 1 1 1))
      (rotate (xyz 0 0 0))
    )
  )

  (module TerminalBlock_Phoenix:TerminalBlock_Phoenix_PT-1,5-2-5.0-H_1x02_P5.00mm_Horizontal (layer F.Cu) (tedit 5B294F69) (tstamp 5DB97AF8)
    (at 60.96 66.04)
    (descr "Terminal Block Phoenix PT-1,5-2-5.0-H, 2 pins, pitch 5mm, size 10x9mm^2, drill diamater 1.3mm, pad diameter 2.6mm, see http://www.mouser.com/ds/2/324/ItemDetail_1935161-922578.pdf, script-generated using https://github.com/pointhi/kicad-footprint-generator/scripts/TerminalBlock_Phoenix")
    (tags "THT Terminal Block Phoenix PT-1,5-2-5.0-H pitch 5mm size 10x9mm^2 drill 1.3mm pad 2.6mm")
    (path /5DC8C739)
    (fp_text reference JBAT1 (at 2.5 -5.06) (layer F.SilkS)
      (effects (font (size 1 1) (thickness 0.15)))
    )
    (fp_text value "Battery (Max 5.5V DC)" (at 2.5 6.06) (layer F.Fab)
      (effects (font (size 1 1) (thickness 0.15)))
    )
    (fp_circle (center 0 0) (end 2 0) (layer F.Fab) (width 0.1))
    (fp_circle (center 0 0) (end 2.18 0) (layer F.SilkS) (width 0.12))
    (fp_circle (center 5 0) (end 7 0) (layer F.Fab) (width 0.1))
    (fp_circle (center 5 0) (end 7.18 0) (layer F.SilkS) (width 0.12))
    (fp_line (start -2.5 -4) (end 7.5 -4) (layer F.Fab) (width 0.1))
    (fp_line (start 7.5 -4) (end 7.5 5) (layer F.Fab) (width 0.1))
    (fp_line (start 7.5 5) (end -2.1 5) (layer F.Fab) (width 0.1))
    (fp_line (start -2.1 5) (end -2.5 4.6) (layer F.Fab) (width 0.1))
    (fp_line (start -2.5 4.6) (end -2.5 -4) (layer F.Fab) (width 0.1))
    (fp_line (start -2.5 4.6) (end 7.5 4.6) (layer F.Fab) (width 0.1))
    (fp_line (start -2.56 4.6) (end 7.56 4.6) (layer F.SilkS) (width 0.12))
    (fp_line (start -2.5 3.5) (end 7.5 3.5) (layer F.Fab) (width 0.1))
    (fp_line (start -2.56 3.5) (end 7.56 3.5) (layer F.SilkS) (width 0.12))
    (fp_line (start -2.56 -4.06) (end 7.56 -4.06) (layer F.SilkS) (width 0.12))
    (fp_line (start -2.56 5.06) (end 7.56 5.06) (layer F.SilkS) (width 0.12))
    (fp_line (start -2.56 -4.06) (end -2.56 5.06) (layer F.SilkS) (width 0.12))
    (fp_line (start 7.56 -4.06) (end 7.56 5.06) (layer F.SilkS) (width 0.12))
    (fp_line (start 1.517 -1.273) (end -1.273 1.517) (layer F.Fab) (width 0.1))
    (fp_line (start 1.273 -1.517) (end -1.517 1.273) (layer F.Fab) (width 0.1))
    (fp_line (start 1.654 -1.388) (end 1.547 -1.281) (layer F.SilkS) (width 0.12))
    (fp_line (start -1.282 1.547) (end -1.388 1.654) (layer F.SilkS) (width 0.12))
    (fp_line (start 1.388 -1.654) (end 1.281 -1.547) (layer F.SilkS) (width 0.12))
    (fp_line (start -1.548 1.281) (end -1.654 1.388) (layer F.SilkS) (width 0.12))
    (fp_line (start 6.517 -1.273) (end 3.728 1.517) (layer F.Fab) (width 0.1))
    (fp_line (start 6.273 -1.517) (end 3.484 1.273) (layer F.Fab) (width 0.1))
    (fp_line (start 6.654 -1.388) (end 6.259 -0.992) (layer F.SilkS) (width 0.12))
    (fp_line (start 3.993 1.274) (end 3.613 1.654) (layer F.SilkS) (width 0.12))
    (fp_line (start 6.388 -1.654) (end 6.008 -1.274) (layer F.SilkS) (width 0.12))
    (fp_line (start 3.742 0.992) (end 3.347 1.388) (layer F.SilkS) (width 0.12))
    (fp_line (start -2.8 4.66) (end -2.8 5.3) (layer F.SilkS) (width 0.12))
    (fp_line (start -2.8 5.3) (end -2.4 5.3) (layer F.SilkS) (width 0.12))
    (fp_line (start -3 -4.5) (end -3 5.5) (layer F.CrtYd) (width 0.05))
    (fp_line (start -3 5.5) (end 8 5.5) (layer F.CrtYd) (width 0.05))
    (fp_line (start 8 5.5) (end 8 -4.5) (layer F.CrtYd) (width 0.05))
    (fp_line (start 8 -4.5) (end -3 -4.5) (layer F.CrtYd) (width 0.05))
    (fp_text user %R (at 2.5 2.9) (layer F.Fab)
      (effects (font (size 1 1) (thickness 0.15)))
    )
    (pad 1 thru_hole rect (at 0 0) (size 2.6 2.6) (drill 1.3) (layers *.Cu *.Mask)
      (net 8 +BATT))
    (pad 2 thru_hole circle (at 5 0) (size 2.6 2.6) (drill 1.3) (layers *.Cu *.Mask)
      (net 1 -BATT))
    (model ${KISYS3DMOD}/TerminalBlock_Phoenix.3dshapes/TerminalBlock_Phoenix_PT-1,5-2-5.0-H_1x02_P5.00mm_Horizontal.wrl
      (at (xyz 0 0 0))
      (scale (xyz 1 1 1))
      (rotate (xyz 0 0 0))
    )
  )

  (module TerminalBlock_Phoenix:TerminalBlock_Phoenix_PT-1,5-2-5.0-H_1x02_P5.00mm_Horizontal (layer F.Cu) (tedit 5B294F69) (tstamp 5DB97BDD)
    (at 31.75 30.56 270)
    (descr "Terminal Block Phoenix PT-1,5-2-5.0-H, 2 pins, pitch 5mm, size 10x9mm^2, drill diamater 1.3mm, pad diameter 2.6mm, see http://www.mouser.com/ds/2/324/ItemDetail_1935161-922578.pdf, script-generated using https://github.com/pointhi/kicad-footprint-generator/scripts/TerminalBlock_Phoenix")
    (tags "THT Terminal Block Phoenix PT-1,5-2-5.0-H pitch 5mm size 10x9mm^2 drill 1.3mm pad 2.6mm")
    (path /5DBA8E8A)
    (fp_text reference SW1 (at 2.5 -5.06 90) (layer F.SilkS)
      (effects (font (size 1 1) (thickness 0.15)))
    )
    (fp_text value SW_IO12 (at 2.5 6.06 90) (layer F.Fab)
      (effects (font (size 1 1) (thickness 0.15)))
    )
    (fp_circle (center 0 0) (end 2 0) (layer F.Fab) (width 0.1))
    (fp_circle (center 0 0) (end 2.18 0) (layer F.SilkS) (width 0.12))
    (fp_circle (center 5 0) (end 7 0) (layer F.Fab) (width 0.1))
    (fp_circle (center 5 0) (end 7.18 0) (layer F.SilkS) (width 0.12))
    (fp_line (start -2.5 -4) (end 7.5 -4) (layer F.Fab) (width 0.1))
    (fp_line (start 7.5 -4) (end 7.5 5) (layer F.Fab) (width 0.1))
    (fp_line (start 7.5 5) (end -2.1 5) (layer F.Fab) (width 0.1))
    (fp_line (start -2.1 5) (end -2.5 4.6) (layer F.Fab) (width 0.1))
    (fp_line (start -2.5 4.6) (end -2.5 -4) (layer F.Fab) (width 0.1))
    (fp_line (start -2.5 4.6) (end 7.5 4.6) (layer F.Fab) (width 0.1))
    (fp_line (start -2.56 4.6) (end 7.56 4.6) (layer F.SilkS) (width 0.12))
    (fp_line (start -2.5 3.5) (end 7.5 3.5) (layer F.Fab) (width 0.1))
    (fp_line (start -2.56 3.5) (end 7.56 3.5) (layer F.SilkS) (width 0.12))
    (fp_line (start -2.56 -4.06) (end 7.56 -4.06) (layer F.SilkS) (width 0.12))
    (fp_line (start -2.56 5.06) (end 7.56 5.06) (layer F.SilkS) (width 0.12))
    (fp_line (start -2.56 -4.06) (end -2.56 5.06) (layer F.SilkS) (width 0.12))
    (fp_line (start 7.56 -4.06) (end 7.56 5.06) (layer F.SilkS) (width 0.12))
    (fp_line (start 1.517 -1.273) (end -1.273 1.517) (layer F.Fab) (width 0.1))
    (fp_line (start 1.273 -1.517) (end -1.517 1.273) (layer F.Fab) (width 0.1))
    (fp_line (start 1.654 -1.388) (end 1.547 -1.281) (layer F.SilkS) (width 0.12))
    (fp_line (start -1.282 1.547) (end -1.388 1.654) (layer F.SilkS) (width 0.12))
    (fp_line (start 1.388 -1.654) (end 1.281 -1.547) (layer F.SilkS) (width 0.12))
    (fp_line (start -1.548 1.281) (end -1.654 1.388) (layer F.SilkS) (width 0.12))
    (fp_line (start 6.517 -1.273) (end 3.728 1.517) (layer F.Fab) (width 0.1))
    (fp_line (start 6.273 -1.517) (end 3.484 1.273) (layer F.Fab) (width 0.1))
    (fp_line (start 6.654 -1.388) (end 6.259 -0.992) (layer F.SilkS) (width 0.12))
    (fp_line (start 3.993 1.274) (end 3.613 1.654) (layer F.SilkS) (width 0.12))
    (fp_line (start 6.388 -1.654) (end 6.008 -1.274) (layer F.SilkS) (width 0.12))
    (fp_line (start 3.742 0.992) (end 3.347 1.388) (layer F.SilkS) (width 0.12))
    (fp_line (start -2.8 4.66) (end -2.8 5.3) (layer F.SilkS) (width 0.12))
    (fp_line (start -2.8 5.3) (end -2.4 5.3) (layer F.SilkS) (width 0.12))
    (fp_line (start -3 -4.5) (end -3 5.5) (layer F.CrtYd) (width 0.05))
    (fp_line (start -3 5.5) (end 8 5.5) (layer F.CrtYd) (width 0.05))
    (fp_line (start 8 5.5) (end 8 -4.5) (layer F.CrtYd) (width 0.05))
    (fp_line (start 8 -4.5) (end -3 -4.5) (layer F.CrtYd) (width 0.05))
    (fp_text user %R (at 2.5 2.9 90) (layer F.Fab)
      (effects (font (size 1 1) (thickness 0.15)))
    )
    (pad 1 thru_hole rect (at 0 0 270) (size 2.6 2.6) (drill 1.3) (layers *.Cu *.Mask)
      (net 10 io_12))
    (pad 2 thru_hole circle (at 5 0 270) (size 2.6 2.6) (drill 1.3) (layers *.Cu *.Mask)
      (net 1 -BATT))
    (model ${KISYS3DMOD}/TerminalBlock_Phoenix.3dshapes/TerminalBlock_Phoenix_PT-1,5-2-5.0-H_1x02_P5.00mm_Horizontal.wrl
      (at (xyz 0 0 0))
      (scale (xyz 1 1 1))
      (rotate (xyz 0 0 0))
    )
  )

  (module TerminalBlock_Phoenix:TerminalBlock_Phoenix_PT-1,5-2-5.0-H_1x02_P5.00mm_Horizontal (layer F.Cu) (tedit 5B294F69) (tstamp 5DB97C07)
    (at 31.75 43.18 270)
    (descr "Terminal Block Phoenix PT-1,5-2-5.0-H, 2 pins, pitch 5mm, size 10x9mm^2, drill diamater 1.3mm, pad diameter 2.6mm, see http://www.mouser.com/ds/2/324/ItemDetail_1935161-922578.pdf, script-generated using https://github.com/pointhi/kicad-footprint-generator/scripts/TerminalBlock_Phoenix")
    (tags "THT Terminal Block Phoenix PT-1,5-2-5.0-H pitch 5mm size 10x9mm^2 drill 1.3mm pad 2.6mm")
    (path /5DBAC96E)
    (fp_text reference SW2 (at 2.5 -5.06 90) (layer F.SilkS)
      (effects (font (size 1 1) (thickness 0.15)))
    )
    (fp_text value SW_IO13 (at 2.5 6.06 90) (layer F.Fab)
      (effects (font (size 1 1) (thickness 0.15)))
    )
    (fp_text user %R (at 2.5 2.9 90) (layer F.Fab)
      (effects (font (size 1 1) (thickness 0.15)))
    )
    (fp_line (start 8 -4.5) (end -3 -4.5) (layer F.CrtYd) (width 0.05))
    (fp_line (start 8 5.5) (end 8 -4.5) (layer F.CrtYd) (width 0.05))
    (fp_line (start -3 5.5) (end 8 5.5) (layer F.CrtYd) (width 0.05))
    (fp_line (start -3 -4.5) (end -3 5.5) (layer F.CrtYd) (width 0.05))
    (fp_line (start -2.8 5.3) (end -2.4 5.3) (layer F.SilkS) (width 0.12))
    (fp_line (start -2.8 4.66) (end -2.8 5.3) (layer F.SilkS) (width 0.12))
    (fp_line (start 3.742 0.992) (end 3.347 1.388) (layer F.SilkS) (width 0.12))
    (fp_line (start 6.388 -1.654) (end 6.008 -1.274) (layer F.SilkS) (width 0.12))
    (fp_line (start 3.993 1.274) (end 3.613 1.654) (layer F.SilkS) (width 0.12))
    (fp_line (start 6.654 -1.388) (end 6.259 -0.992) (layer F.SilkS) (width 0.12))
    (fp_line (start 6.273 -1.517) (end 3.484 1.273) (layer F.Fab) (width 0.1))
    (fp_line (start 6.517 -1.273) (end 3.728 1.517) (layer F.Fab) (width 0.1))
    (fp_line (start -1.548 1.281) (end -1.654 1.388) (layer F.SilkS) (width 0.12))
    (fp_line (start 1.388 -1.654) (end 1.281 -1.547) (layer F.SilkS) (width 0.12))
    (fp_line (start -1.282 1.547) (end -1.388 1.654) (layer F.SilkS) (width 0.12))
    (fp_line (start 1.654 -1.388) (end 1.547 -1.281) (layer F.SilkS) (width 0.12))
    (fp_line (start 1.273 -1.517) (end -1.517 1.273) (layer F.Fab) (width 0.1))
    (fp_line (start 1.517 -1.273) (end -1.273 1.517) (layer F.Fab) (width 0.1))
    (fp_line (start 7.56 -4.06) (end 7.56 5.06) (layer F.SilkS) (width 0.12))
    (fp_line (start -2.56 -4.06) (end -2.56 5.06) (layer F.SilkS) (width 0.12))
    (fp_line (start -2.56 5.06) (end 7.56 5.06) (layer F.SilkS) (width 0.12))
    (fp_line (start -2.56 -4.06) (end 7.56 -4.06) (layer F.SilkS) (width 0.12))
    (fp_line (start -2.56 3.5) (end 7.56 3.5) (layer F.SilkS) (width 0.12))
    (fp_line (start -2.5 3.5) (end 7.5 3.5) (layer F.Fab) (width 0.1))
    (fp_line (start -2.56 4.6) (end 7.56 4.6) (layer F.SilkS) (width 0.12))
    (fp_line (start -2.5 4.6) (end 7.5 4.6) (layer F.Fab) (width 0.1))
    (fp_line (start -2.5 4.6) (end -2.5 -4) (layer F.Fab) (width 0.1))
    (fp_line (start -2.1 5) (end -2.5 4.6) (layer F.Fab) (width 0.1))
    (fp_line (start 7.5 5) (end -2.1 5) (layer F.Fab) (width 0.1))
    (fp_line (start 7.5 -4) (end 7.5 5) (layer F.Fab) (width 0.1))
    (fp_line (start -2.5 -4) (end 7.5 -4) (layer F.Fab) (width 0.1))
    (fp_circle (center 5 0) (end 7.18 0) (layer F.SilkS) (width 0.12))
    (fp_circle (center 5 0) (end 7 0) (layer F.Fab) (width 0.1))
    (fp_circle (center 0 0) (end 2.18 0) (layer F.SilkS) (width 0.12))
    (fp_circle (center 0 0) (end 2 0) (layer F.Fab) (width 0.1))
    (pad 2 thru_hole circle (at 5 0 270) (size 2.6 2.6) (drill 1.3) (layers *.Cu *.Mask)
      (net 1 -BATT))
    (pad 1 thru_hole rect (at 0 0 270) (size 2.6 2.6) (drill 1.3) (layers *.Cu *.Mask)
      (net 11 io_13))
    (model ${KISYS3DMOD}/TerminalBlock_Phoenix.3dshapes/TerminalBlock_Phoenix_PT-1,5-2-5.0-H_1x02_P5.00mm_Horizontal.wrl
      (at (xyz 0 0 0))
      (scale (xyz 1 1 1))
      (rotate (xyz 0 0 0))
    )
  )

  (module TerminalBlock_Phoenix:TerminalBlock_Phoenix_PT-1,5-2-5.0-H_1x02_P5.00mm_Horizontal (layer F.Cu) (tedit 5B294F69) (tstamp 5DB97C31)
    (at 31.75 55.96 270)
    (descr "Terminal Block Phoenix PT-1,5-2-5.0-H, 2 pins, pitch 5mm, size 10x9mm^2, drill diamater 1.3mm, pad diameter 2.6mm, see http://www.mouser.com/ds/2/324/ItemDetail_1935161-922578.pdf, script-generated using https://github.com/pointhi/kicad-footprint-generator/scripts/TerminalBlock_Phoenix")
    (tags "THT Terminal Block Phoenix PT-1,5-2-5.0-H pitch 5mm size 10x9mm^2 drill 1.3mm pad 2.6mm")
    (path /5DBAF001)
    (fp_text reference SW3 (at 4.746 -4.953 90) (layer F.SilkS)
      (effects (font (size 1 1) (thickness 0.15)))
    )
    (fp_text value SW_IO14 (at 2.5 6.06 90) (layer F.Fab)
      (effects (font (size 1 1) (thickness 0.15)))
    )
    (fp_text user %R (at 2.5 2.9 90) (layer F.Fab)
      (effects (font (size 1 1) (thickness 0.15)))
    )
    (fp_line (start 8 -4.5) (end -3 -4.5) (layer F.CrtYd) (width 0.05))
    (fp_line (start 8 5.5) (end 8 -4.5) (layer F.CrtYd) (width 0.05))
    (fp_line (start -3 5.5) (end 8 5.5) (layer F.CrtYd) (width 0.05))
    (fp_line (start -3 -4.5) (end -3 5.5) (layer F.CrtYd) (width 0.05))
    (fp_line (start -2.8 5.3) (end -2.4 5.3) (layer F.SilkS) (width 0.12))
    (fp_line (start -2.8 4.66) (end -2.8 5.3) (layer F.SilkS) (width 0.12))
    (fp_line (start 3.742 0.992) (end 3.347 1.388) (layer F.SilkS) (width 0.12))
    (fp_line (start 6.388 -1.654) (end 6.008 -1.274) (layer F.SilkS) (width 0.12))
    (fp_line (start 3.993 1.274) (end 3.613 1.654) (layer F.SilkS) (width 0.12))
    (fp_line (start 6.654 -1.388) (end 6.259 -0.992) (layer F.SilkS) (width 0.12))
    (fp_line (start 6.273 -1.517) (end 3.484 1.273) (layer F.Fab) (width 0.1))
    (fp_line (start 6.517 -1.273) (end 3.728 1.517) (layer F.Fab) (width 0.1))
    (fp_line (start -1.548 1.281) (end -1.654 1.388) (layer F.SilkS) (width 0.12))
    (fp_line (start 1.388 -1.654) (end 1.281 -1.547) (layer F.SilkS) (width 0.12))
    (fp_line (start -1.282 1.547) (end -1.388 1.654) (layer F.SilkS) (width 0.12))
    (fp_line (start 1.654 -1.388) (end 1.547 -1.281) (layer F.SilkS) (width 0.12))
    (fp_line (start 1.273 -1.517) (end -1.517 1.273) (layer F.Fab) (width 0.1))
    (fp_line (start 1.517 -1.273) (end -1.273 1.517) (layer F.Fab) (width 0.1))
    (fp_line (start 7.56 -4.06) (end 7.56 5.06) (layer F.SilkS) (width 0.12))
    (fp_line (start -2.56 -4.06) (end -2.56 5.06) (layer F.SilkS) (width 0.12))
    (fp_line (start -2.56 5.06) (end 7.56 5.06) (layer F.SilkS) (width 0.12))
    (fp_line (start -2.56 -4.06) (end 7.56 -4.06) (layer F.SilkS) (width 0.12))
    (fp_line (start -2.56 3.5) (end 7.56 3.5) (layer F.SilkS) (width 0.12))
    (fp_line (start -2.5 3.5) (end 7.5 3.5) (layer F.Fab) (width 0.1))
    (fp_line (start -2.56 4.6) (end 7.56 4.6) (layer F.SilkS) (width 0.12))
    (fp_line (start -2.5 4.6) (end 7.5 4.6) (layer F.Fab) (width 0.1))
    (fp_line (start -2.5 4.6) (end -2.5 -4) (layer F.Fab) (width 0.1))
    (fp_line (start -2.1 5) (end -2.5 4.6) (layer F.Fab) (width 0.1))
    (fp_line (start 7.5 5) (end -2.1 5) (layer F.Fab) (width 0.1))
    (fp_line (start 7.5 -4) (end 7.5 5) (layer F.Fab) (width 0.1))
    (fp_line (start -2.5 -4) (end 7.5 -4) (layer F.Fab) (width 0.1))
    (fp_circle (center 5 0) (end 7.18 0) (layer F.SilkS) (width 0.12))
    (fp_circle (center 5 0) (end 7 0) (layer F.Fab) (width 0.1))
    (fp_circle (center 0 0) (end 2.18 0) (layer F.SilkS) (width 0.12))
    (fp_circle (center 0 0) (end 2 0) (layer F.Fab) (width 0.1))
    (pad 2 thru_hole circle (at 5 0 270) (size 2.6 2.6) (drill 1.3) (layers *.Cu *.Mask)
      (net 1 -BATT))
    (pad 1 thru_hole rect (at 0 0 270) (size 2.6 2.6) (drill 1.3) (layers *.Cu *.Mask)
      (net 12 io_14))
    (model ${KISYS3DMOD}/TerminalBlock_Phoenix.3dshapes/TerminalBlock_Phoenix_PT-1,5-2-5.0-H_1x02_P5.00mm_Horizontal.wrl
      (at (xyz 0 0 0))
      (scale (xyz 1 1 1))
      (rotate (xyz 0 0 0))
    )
  )

  (module TerminalBlock_Phoenix:TerminalBlock_Phoenix_PT-1,5-2-5.0-H_1x02_P5.00mm_Horizontal (layer F.Cu) (tedit 5B294F69) (tstamp 5DB97C5B)
    (at 31.75 68.58 270)
    (descr "Terminal Block Phoenix PT-1,5-2-5.0-H, 2 pins, pitch 5mm, size 10x9mm^2, drill diamater 1.3mm, pad diameter 2.6mm, see http://www.mouser.com/ds/2/324/ItemDetail_1935161-922578.pdf, script-generated using https://github.com/pointhi/kicad-footprint-generator/scripts/TerminalBlock_Phoenix")
    (tags "THT Terminal Block Phoenix PT-1,5-2-5.0-H pitch 5mm size 10x9mm^2 drill 1.3mm pad 2.6mm")
    (path /5DBB0547)
    (fp_text reference SW4 (at 2.5 -5.06 90) (layer F.SilkS)
      (effects (font (size 1 1) (thickness 0.15)))
    )
    (fp_text value SW_IO15 (at 2.5 6.06 90) (layer F.Fab)
      (effects (font (size 1 1) (thickness 0.15)))
    )
    (fp_circle (center 0 0) (end 2 0) (layer F.Fab) (width 0.1))
    (fp_circle (center 0 0) (end 2.18 0) (layer F.SilkS) (width 0.12))
    (fp_circle (center 5 0) (end 7 0) (layer F.Fab) (width 0.1))
    (fp_circle (center 5 0) (end 7.18 0) (layer F.SilkS) (width 0.12))
    (fp_line (start -2.5 -4) (end 7.5 -4) (layer F.Fab) (width 0.1))
    (fp_line (start 7.5 -4) (end 7.5 5) (layer F.Fab) (width 0.1))
    (fp_line (start 7.5 5) (end -2.1 5) (layer F.Fab) (width 0.1))
    (fp_line (start -2.1 5) (end -2.5 4.6) (layer F.Fab) (width 0.1))
    (fp_line (start -2.5 4.6) (end -2.5 -4) (layer F.Fab) (width 0.1))
    (fp_line (start -2.5 4.6) (end 7.5 4.6) (layer F.Fab) (width 0.1))
    (fp_line (start -2.56 4.6) (end 7.56 4.6) (layer F.SilkS) (width 0.12))
    (fp_line (start -2.5 3.5) (end 7.5 3.5) (layer F.Fab) (width 0.1))
    (fp_line (start -2.56 3.5) (end 7.56 3.5) (layer F.SilkS) (width 0.12))
    (fp_line (start -2.56 -4.06) (end 7.56 -4.06) (layer F.SilkS) (width 0.12))
    (fp_line (start -2.56 5.06) (end 7.56 5.06) (layer F.SilkS) (width 0.12))
    (fp_line (start -2.56 -4.06) (end -2.56 5.06) (layer F.SilkS) (width 0.12))
    (fp_line (start 7.56 -4.06) (end 7.56 5.06) (layer F.SilkS) (width 0.12))
    (fp_line (start 1.517 -1.273) (end -1.273 1.517) (layer F.Fab) (width 0.1))
    (fp_line (start 1.273 -1.517) (end -1.517 1.273) (layer F.Fab) (width 0.1))
    (fp_line (start 1.654 -1.388) (end 1.547 -1.281) (layer F.SilkS) (width 0.12))
    (fp_line (start -1.282 1.547) (end -1.388 1.654) (layer F.SilkS) (width 0.12))
    (fp_line (start 1.388 -1.654) (end 1.281 -1.547) (layer F.SilkS) (width 0.12))
    (fp_line (start -1.548 1.281) (end -1.654 1.388) (layer F.SilkS) (width 0.12))
    (fp_line (start 6.517 -1.273) (end 3.728 1.517) (layer F.Fab) (width 0.1))
    (fp_line (start 6.273 -1.517) (end 3.484 1.273) (layer F.Fab) (width 0.1))
    (fp_line (start 6.654 -1.388) (end 6.259 -0.992) (layer F.SilkS) (width 0.12))
    (fp_line (start 3.993 1.274) (end 3.613 1.654) (layer F.SilkS) (width 0.12))
    (fp_line (start 6.388 -1.654) (end 6.008 -1.274) (layer F.SilkS) (width 0.12))
    (fp_line (start 3.742 0.992) (end 3.347 1.388) (layer F.SilkS) (width 0.12))
    (fp_line (start -2.8 4.66) (end -2.8 5.3) (layer F.SilkS) (width 0.12))
    (fp_line (start -2.8 5.3) (end -2.4 5.3) (layer F.SilkS) (width 0.12))
    (fp_line (start -3 -4.5) (end -3 5.5) (layer F.CrtYd) (width 0.05))
    (fp_line (start -3 5.5) (end 8 5.5) (layer F.CrtYd) (width 0.05))
    (fp_line (start 8 5.5) (end 8 -4.5) (layer F.CrtYd) (width 0.05))
    (fp_line (start 8 -4.5) (end -3 -4.5) (layer F.CrtYd) (width 0.05))
    (fp_text user %R (at 2.5 2.9 90) (layer F.Fab)
      (effects (font (size 1 1) (thickness 0.15)))
    )
    (pad 1 thru_hole rect (at 0 0 270) (size 2.6 2.6) (drill 1.3) (layers *.Cu *.Mask)
      (net 13 io_15))
    (pad 2 thru_hole circle (at 5 0 270) (size 2.6 2.6) (drill 1.3) (layers *.Cu *.Mask)
      (net 1 -BATT))
    (model ${KISYS3DMOD}/TerminalBlock_Phoenix.3dshapes/TerminalBlock_Phoenix_PT-1,5-2-5.0-H_1x02_P5.00mm_Horizontal.wrl
      (at (xyz 0 0 0))
      (scale (xyz 1 1 1))
      (rotate (xyz 0 0 0))
    )
  )

  (module TerminalBlock_Phoenix:TerminalBlock_Phoenix_PT-1,5-2-5.0-H_1x02_P5.00mm_Horizontal (layer F.Cu) (tedit 5B294F69) (tstamp 5DB97C85)
    (at 74.93 73.58 90)
    (descr "Terminal Block Phoenix PT-1,5-2-5.0-H, 2 pins, pitch 5mm, size 10x9mm^2, drill diamater 1.3mm, pad diameter 2.6mm, see http://www.mouser.com/ds/2/324/ItemDetail_1935161-922578.pdf, script-generated using https://github.com/pointhi/kicad-footprint-generator/scripts/TerminalBlock_Phoenix")
    (tags "THT Terminal Block Phoenix PT-1,5-2-5.0-H pitch 5mm size 10x9mm^2 drill 1.3mm pad 2.6mm")
    (path /5DBB1EDF)
    (fp_text reference SW5 (at 2.5 -5.06 90) (layer F.SilkS)
      (effects (font (size 1 1) (thickness 0.15)))
    )
    (fp_text value SW_IO32 (at 2.5 6.06 90) (layer F.Fab)
      (effects (font (size 1 1) (thickness 0.15)))
    )
    (fp_circle (center 0 0) (end 2 0) (layer F.Fab) (width 0.1))
    (fp_circle (center 0 0) (end 2.18 0) (layer F.SilkS) (width 0.12))
    (fp_circle (center 5 0) (end 7 0) (layer F.Fab) (width 0.1))
    (fp_circle (center 5 0) (end 7.18 0) (layer F.SilkS) (width 0.12))
    (fp_line (start -2.5 -4) (end 7.5 -4) (layer F.Fab) (width 0.1))
    (fp_line (start 7.5 -4) (end 7.5 5) (layer F.Fab) (width 0.1))
    (fp_line (start 7.5 5) (end -2.1 5) (layer F.Fab) (width 0.1))
    (fp_line (start -2.1 5) (end -2.5 4.6) (layer F.Fab) (width 0.1))
    (fp_line (start -2.5 4.6) (end -2.5 -4) (layer F.Fab) (width 0.1))
    (fp_line (start -2.5 4.6) (end 7.5 4.6) (layer F.Fab) (width 0.1))
    (fp_line (start -2.56 4.6) (end 7.56 4.6) (layer F.SilkS) (width 0.12))
    (fp_line (start -2.5 3.5) (end 7.5 3.5) (layer F.Fab) (width 0.1))
    (fp_line (start -2.56 3.5) (end 7.56 3.5) (layer F.SilkS) (width 0.12))
    (fp_line (start -2.56 -4.06) (end 7.56 -4.06) (layer F.SilkS) (width 0.12))
    (fp_line (start -2.56 5.06) (end 7.56 5.06) (layer F.SilkS) (width 0.12))
    (fp_line (start -2.56 -4.06) (end -2.56 5.06) (layer F.SilkS) (width 0.12))
    (fp_line (start 7.56 -4.06) (end 7.56 5.06) (layer F.SilkS) (width 0.12))
    (fp_line (start 1.517 -1.273) (end -1.273 1.517) (layer F.Fab) (width 0.1))
    (fp_line (start 1.273 -1.517) (end -1.517 1.273) (layer F.Fab) (width 0.1))
    (fp_line (start 1.654 -1.388) (end 1.547 -1.281) (layer F.SilkS) (width 0.12))
    (fp_line (start -1.282 1.547) (end -1.388 1.654) (layer F.SilkS) (width 0.12))
    (fp_line (start 1.388 -1.654) (end 1.281 -1.547) (layer F.SilkS) (width 0.12))
    (fp_line (start -1.548 1.281) (end -1.654 1.388) (layer F.SilkS) (width 0.12))
    (fp_line (start 6.517 -1.273) (end 3.728 1.517) (layer F.Fab) (width 0.1))
    (fp_line (start 6.273 -1.517) (end 3.484 1.273) (layer F.Fab) (width 0.1))
    (fp_line (start 6.654 -1.388) (end 6.259 -0.992) (layer F.SilkS) (width 0.12))
    (fp_line (start 3.993 1.274) (end 3.613 1.654) (layer F.SilkS) (width 0.12))
    (fp_line (start 6.388 -1.654) (end 6.008 -1.274) (layer F.SilkS) (width 0.12))
    (fp_line (start 3.742 0.992) (end 3.347 1.388) (layer F.SilkS) (width 0.12))
    (fp_line (start -2.8 4.66) (end -2.8 5.3) (layer F.SilkS) (width 0.12))
    (fp_line (start -2.8 5.3) (end -2.4 5.3) (layer F.SilkS) (width 0.12))
    (fp_line (start -3 -4.5) (end -3 5.5) (layer F.CrtYd) (width 0.05))
    (fp_line (start -3 5.5) (end 8 5.5) (layer F.CrtYd) (width 0.05))
    (fp_line (start 8 5.5) (end 8 -4.5) (layer F.CrtYd) (width 0.05))
    (fp_line (start 8 -4.5) (end -3 -4.5) (layer F.CrtYd) (width 0.05))
    (fp_text user %R (at 2.5 2.9 90) (layer F.Fab)
      (effects (font (size 1 1) (thickness 0.15)))
    )
    (pad 1 thru_hole rect (at 0 0 90) (size 2.6 2.6) (drill 1.3) (layers *.Cu *.Mask)
      (net 14 io_32))
    (pad 2 thru_hole circle (at 5 0 90) (size 2.6 2.6) (drill 1.3) (layers *.Cu *.Mask)
      (net 1 -BATT))
    (model ${KISYS3DMOD}/TerminalBlock_Phoenix.3dshapes/TerminalBlock_Phoenix_PT-1,5-2-5.0-H_1x02_P5.00mm_Horizontal.wrl
      (at (xyz 0 0 0))
      (scale (xyz 1 1 1))
      (rotate (xyz 0 0 0))
    )
  )

  (module TerminalBlock_Phoenix:TerminalBlock_Phoenix_PT-1,5-2-5.0-H_1x02_P5.00mm_Horizontal (layer F.Cu) (tedit 5B294F69) (tstamp 5DB97CAF)
    (at 74.93 60.96 90)
    (descr "Terminal Block Phoenix PT-1,5-2-5.0-H, 2 pins, pitch 5mm, size 10x9mm^2, drill diamater 1.3mm, pad diameter 2.6mm, see http://www.mouser.com/ds/2/324/ItemDetail_1935161-922578.pdf, script-generated using https://github.com/pointhi/kicad-footprint-generator/scripts/TerminalBlock_Phoenix")
    (tags "THT Terminal Block Phoenix PT-1,5-2-5.0-H pitch 5mm size 10x9mm^2 drill 1.3mm pad 2.6mm")
    (path /5DBB3775)
    (fp_text reference SW6 (at 2.5 -5.06 90) (layer F.SilkS)
      (effects (font (size 1 1) (thickness 0.15)))
    )
    (fp_text value SW_IO33 (at 2.5 6.06 90) (layer F.Fab)
      (effects (font (size 1 1) (thickness 0.15)))
    )
    (fp_text user %R (at 2.5 2.9 90) (layer F.Fab)
      (effects (font (size 1 1) (thickness 0.15)))
    )
    (fp_line (start 8 -4.5) (end -3 -4.5) (layer F.CrtYd) (width 0.05))
    (fp_line (start 8 5.5) (end 8 -4.5) (layer F.CrtYd) (width 0.05))
    (fp_line (start -3 5.5) (end 8 5.5) (layer F.CrtYd) (width 0.05))
    (fp_line (start -3 -4.5) (end -3 5.5) (layer F.CrtYd) (width 0.05))
    (fp_line (start -2.8 5.3) (end -2.4 5.3) (layer F.SilkS) (width 0.12))
    (fp_line (start -2.8 4.66) (end -2.8 5.3) (layer F.SilkS) (width 0.12))
    (fp_line (start 3.742 0.992) (end 3.347 1.388) (layer F.SilkS) (width 0.12))
    (fp_line (start 6.388 -1.654) (end 6.008 -1.274) (layer F.SilkS) (width 0.12))
    (fp_line (start 3.993 1.274) (end 3.613 1.654) (layer F.SilkS) (width 0.12))
    (fp_line (start 6.654 -1.388) (end 6.259 -0.992) (layer F.SilkS) (width 0.12))
    (fp_line (start 6.273 -1.517) (end 3.484 1.273) (layer F.Fab) (width 0.1))
    (fp_line (start 6.517 -1.273) (end 3.728 1.517) (layer F.Fab) (width 0.1))
    (fp_line (start -1.548 1.281) (end -1.654 1.388) (layer F.SilkS) (width 0.12))
    (fp_line (start 1.388 -1.654) (end 1.281 -1.547) (layer F.SilkS) (width 0.12))
    (fp_line (start -1.282 1.547) (end -1.388 1.654) (layer F.SilkS) (width 0.12))
    (fp_line (start 1.654 -1.388) (end 1.547 -1.281) (layer F.SilkS) (width 0.12))
    (fp_line (start 1.273 -1.517) (end -1.517 1.273) (layer F.Fab) (width 0.1))
    (fp_line (start 1.517 -1.273) (end -1.273 1.517) (layer F.Fab) (width 0.1))
    (fp_line (start 7.56 -4.06) (end 7.56 5.06) (layer F.SilkS) (width 0.12))
    (fp_line (start -2.56 -4.06) (end -2.56 5.06) (layer F.SilkS) (width 0.12))
    (fp_line (start -2.56 5.06) (end 7.56 5.06) (layer F.SilkS) (width 0.12))
    (fp_line (start -2.56 -4.06) (end 7.56 -4.06) (layer F.SilkS) (width 0.12))
    (fp_line (start -2.56 3.5) (end 7.56 3.5) (layer F.SilkS) (width 0.12))
    (fp_line (start -2.5 3.5) (end 7.5 3.5) (layer F.Fab) (width 0.1))
    (fp_line (start -2.56 4.6) (end 7.56 4.6) (layer F.SilkS) (width 0.12))
    (fp_line (start -2.5 4.6) (end 7.5 4.6) (layer F.Fab) (width 0.1))
    (fp_line (start -2.5 4.6) (end -2.5 -4) (layer F.Fab) (width 0.1))
    (fp_line (start -2.1 5) (end -2.5 4.6) (layer F.Fab) (width 0.1))
    (fp_line (start 7.5 5) (end -2.1 5) (layer F.Fab) (width 0.1))
    (fp_line (start 7.5 -4) (end 7.5 5) (layer F.Fab) (width 0.1))
    (fp_line (start -2.5 -4) (end 7.5 -4) (layer F.Fab) (width 0.1))
    (fp_circle (center 5 0) (end 7.18 0) (layer F.SilkS) (width 0.12))
    (fp_circle (center 5 0) (end 7 0) (layer F.Fab) (width 0.1))
    (fp_circle (center 0 0) (end 2.18 0) (layer F.SilkS) (width 0.12))
    (fp_circle (center 0 0) (end 2 0) (layer F.Fab) (width 0.1))
    (pad 2 thru_hole circle (at 5 0 90) (size 2.6 2.6) (drill 1.3) (layers *.Cu *.Mask)
      (net 1 -BATT))
    (pad 1 thru_hole rect (at 0 0 90) (size 2.6 2.6) (drill 1.3) (layers *.Cu *.Mask)
      (net 15 io_33))
    (model ${KISYS3DMOD}/TerminalBlock_Phoenix.3dshapes/TerminalBlock_Phoenix_PT-1,5-2-5.0-H_1x02_P5.00mm_Horizontal.wrl
      (at (xyz 0 0 0))
      (scale (xyz 1 1 1))
      (rotate (xyz 0 0 0))
    )
  )

  (module TerminalBlock_Phoenix:TerminalBlock_Phoenix_PT-1,5-2-5.0-H_1x02_P5.00mm_Horizontal (layer F.Cu) (tedit 5B294F69) (tstamp 5DB97CD9)
    (at 74.93 48.26 90)
    (descr "Terminal Block Phoenix PT-1,5-2-5.0-H, 2 pins, pitch 5mm, size 10x9mm^2, drill diamater 1.3mm, pad diameter 2.6mm, see http://www.mouser.com/ds/2/324/ItemDetail_1935161-922578.pdf, script-generated using https://github.com/pointhi/kicad-footprint-generator/scripts/TerminalBlock_Phoenix")
    (tags "THT Terminal Block Phoenix PT-1,5-2-5.0-H pitch 5mm size 10x9mm^2 drill 1.3mm pad 2.6mm")
    (path /5DBB6B76)
    (fp_text reference SW7 (at 8.382 -2.54 180) (layer F.SilkS)
      (effects (font (size 1 1) (thickness 0.15)))
    )
    (fp_text value SW_IO34 (at 2.5 6.06 90) (layer F.Fab)
      (effects (font (size 1 1) (thickness 0.15)))
    )
    (fp_circle (center 0 0) (end 2 0) (layer F.Fab) (width 0.1))
    (fp_circle (center 0 0) (end 2.18 0) (layer F.SilkS) (width 0.12))
    (fp_circle (center 5 0) (end 7 0) (layer F.Fab) (width 0.1))
    (fp_circle (center 5 0) (end 7.18 0) (layer F.SilkS) (width 0.12))
    (fp_line (start -2.5 -4) (end 7.5 -4) (layer F.Fab) (width 0.1))
    (fp_line (start 7.5 -4) (end 7.5 5) (layer F.Fab) (width 0.1))
    (fp_line (start 7.5 5) (end -2.1 5) (layer F.Fab) (width 0.1))
    (fp_line (start -2.1 5) (end -2.5 4.6) (layer F.Fab) (width 0.1))
    (fp_line (start -2.5 4.6) (end -2.5 -4) (layer F.Fab) (width 0.1))
    (fp_line (start -2.5 4.6) (end 7.5 4.6) (layer F.Fab) (width 0.1))
    (fp_line (start -2.56 4.6) (end 7.56 4.6) (layer F.SilkS) (width 0.12))
    (fp_line (start -2.5 3.5) (end 7.5 3.5) (layer F.Fab) (width 0.1))
    (fp_line (start -2.56 3.5) (end 7.56 3.5) (layer F.SilkS) (width 0.12))
    (fp_line (start -2.56 -4.06) (end 7.56 -4.06) (layer F.SilkS) (width 0.12))
    (fp_line (start -2.56 5.06) (end 7.56 5.06) (layer F.SilkS) (width 0.12))
    (fp_line (start -2.56 -4.06) (end -2.56 5.06) (layer F.SilkS) (width 0.12))
    (fp_line (start 7.56 -4.06) (end 7.56 5.06) (layer F.SilkS) (width 0.12))
    (fp_line (start 1.517 -1.273) (end -1.273 1.517) (layer F.Fab) (width 0.1))
    (fp_line (start 1.273 -1.517) (end -1.517 1.273) (layer F.Fab) (width 0.1))
    (fp_line (start 1.654 -1.388) (end 1.547 -1.281) (layer F.SilkS) (width 0.12))
    (fp_line (start -1.282 1.547) (end -1.388 1.654) (layer F.SilkS) (width 0.12))
    (fp_line (start 1.388 -1.654) (end 1.281 -1.547) (layer F.SilkS) (width 0.12))
    (fp_line (start -1.548 1.281) (end -1.654 1.388) (layer F.SilkS) (width 0.12))
    (fp_line (start 6.517 -1.273) (end 3.728 1.517) (layer F.Fab) (width 0.1))
    (fp_line (start 6.273 -1.517) (end 3.484 1.273) (layer F.Fab) (width 0.1))
    (fp_line (start 6.654 -1.388) (end 6.259 -0.992) (layer F.SilkS) (width 0.12))
    (fp_line (start 3.993 1.274) (end 3.613 1.654) (layer F.SilkS) (width 0.12))
    (fp_line (start 6.388 -1.654) (end 6.008 -1.274) (layer F.SilkS) (width 0.12))
    (fp_line (start 3.742 0.992) (end 3.347 1.388) (layer F.SilkS) (width 0.12))
    (fp_line (start -2.8 4.66) (end -2.8 5.3) (layer F.SilkS) (width 0.12))
    (fp_line (start -2.8 5.3) (end -2.4 5.3) (layer F.SilkS) (width 0.12))
    (fp_line (start -3 -4.5) (end -3 5.5) (layer F.CrtYd) (width 0.05))
    (fp_line (start -3 5.5) (end 8 5.5) (layer F.CrtYd) (width 0.05))
    (fp_line (start 8 5.5) (end 8 -4.5) (layer F.CrtYd) (width 0.05))
    (fp_line (start 8 -4.5) (end -3 -4.5) (layer F.CrtYd) (width 0.05))
    (fp_text user %R (at 2.5 2.9 90) (layer F.Fab)
      (effects (font (size 1 1) (thickness 0.15)))
    )
    (pad 1 thru_hole rect (at 0 0 90) (size 2.6 2.6) (drill 1.3) (layers *.Cu *.Mask)
      (net 16 io_34))
    (pad 2 thru_hole circle (at 5 0 90) (size 2.6 2.6) (drill 1.3) (layers *.Cu *.Mask)
      (net 1 -BATT))
    (model ${KISYS3DMOD}/TerminalBlock_Phoenix.3dshapes/TerminalBlock_Phoenix_PT-1,5-2-5.0-H_1x02_P5.00mm_Horizontal.wrl
      (at (xyz 0 0 0))
      (scale (xyz 1 1 1))
      (rotate (xyz 0 0 0))
    )
  )

  (module TerminalBlock_Phoenix:TerminalBlock_Phoenix_PT-1,5-2-5.0-H_1x02_P5.00mm_Horizontal (layer F.Cu) (tedit 5B294F69) (tstamp 5DB97D03)
    (at 74.93 35.56 90)
    (descr "Terminal Block Phoenix PT-1,5-2-5.0-H, 2 pins, pitch 5mm, size 10x9mm^2, drill diamater 1.3mm, pad diameter 2.6mm, see http://www.mouser.com/ds/2/324/ItemDetail_1935161-922578.pdf, script-generated using https://github.com/pointhi/kicad-footprint-generator/scripts/TerminalBlock_Phoenix")
    (tags "THT Terminal Block Phoenix PT-1,5-2-5.0-H pitch 5mm size 10x9mm^2 drill 1.3mm pad 2.6mm")
    (path /5DBB88ED)
    (fp_text reference SW8 (at 2.5 -5.06 90) (layer F.SilkS)
      (effects (font (size 1 1) (thickness 0.15)))
    )
    (fp_text value SW_IO35 (at 2.5 6.06 90) (layer F.Fab)
      (effects (font (size 1 1) (thickness 0.15)))
    )
    (fp_text user %R (at 2.5 2.9 90) (layer F.Fab)
      (effects (font (size 1 1) (thickness 0.15)))
    )
    (fp_line (start 8 -4.5) (end -3 -4.5) (layer F.CrtYd) (width 0.05))
